0.000000	 7.124345
0.017167	 4.702554
0.034335	 4.256421
0.051502	 2.915207
0.068670	 3.904474
0.085837	 -0.233076
0.103004	 2.947391
0.120172	 -0.219429
0.137339	 0.463753
0.154506	 -0.229082
0.171674	 1.590860
0.188841	 -1.668493
0.206009	 0.386209
0.223176	 0.593894
0.240343	 2.250602
0.257511	 -0.022078
0.274678	 0.685650
0.291845	 -0.377816
0.309013	 0.125253
0.326180	 0.290502
0.343348	 -1.624766
0.360515	 0.614671
0.377682	 0.637037
0.394850	 0.772459
0.412017	 1.921840
0.429185	 1.209076
0.446352	 2.638650
0.463519	 2.559792
0.480687	 3.709831
0.497854	 4.655731
0.515021	 3.212979
0.532189	 2.939488
0.549356	 1.804805
0.566524	 0.637175
0.583691	 -0.233418
0.600858	 -0.526171
0.618026	 -2.384214
0.635193	 -1.523343
0.652361	 -0.310909
0.669528	 -1.197655
0.686695	 -1.930884
0.703863	 -2.354996
0.721030	 -1.974447
0.738197	 0.587554
0.755365	 -1.101887
0.772532	 -2.016217
0.789700	 -1.556473
0.806867	 -0.081451
0.824034	 -2.462980
0.841202	 -2.231587
0.858369	 -2.592573
0.875536	 -3.016381
0.892704	 -3.301561
0.909871	 -1.773268
0.927039	 -0.758665
0.944206	 0.928622
0.961373	 1.958461
0.978541	 2.593593
0.995708	 2.168702
1.012876	 2.625944
1.030043	 0.495000
1.047210	 1.727622
1.064378	 0.036345
1.081545	 -1.773720
1.098712	 -1.904279
1.115880	 -3.195074
1.133047	 -2.453923
1.150215	 -2.249531
1.167382	 -1.513519
1.184549	 -4.841449
1.201717	 -4.547796
1.218884	 -3.283170
1.236052	 -2.399320
1.253219	 -1.627036
1.270386	 -2.309087
1.287554	 -4.914659
1.304721	 -3.541410
1.321888	 -2.728053
1.339056	 -3.521430
1.356223	 -2.970736
1.373391	 -3.666146
1.390558	 -3.075515
1.407725	 -1.879469
1.424893	 -0.693815
1.442060	 0.091232
1.459227	 0.911387
1.476395	 0.800784
1.493562	 2.214589
1.510730	 1.963711
1.527897	 2.622311
1.545064	 2.048371
1.562232	 0.199075
1.579399	 -1.261904
1.596567	 -2.360348
1.613734	 -1.955481
1.630901	 -2.705816
1.648069	 -3.250260
1.665236	 -2.727539
1.682403	 -3.063146
1.699571	 -1.319037
1.716738	 -2.043951
1.733906	 -0.050224
1.751073	 -0.709774
1.768240	 -0.539206
1.785408	 -2.402481
1.802575	 -1.401519
1.819742	 -1.087664
1.836910	 -2.929624
1.854077	 -2.188497
1.871245	 -1.573933
1.888412	 -2.385813
1.905579	 0.140101
1.922747	 1.671352
1.939914	 1.012748
1.957082	 3.185086
1.974249	 2.274301
1.991416	 3.991770
2.008584	 2.496756
2.025751	 4.954038
2.042918	 3.652991
2.060086	 2.419951
2.077253	 0.784020
2.094421	 1.993009
2.111588	 2.007375
2.128755	 -2.254864
2.145923	 0.677996
2.163090	 1.167744
2.180258	 0.174892
2.197425	 -0.959083
2.214592	 1.509477
2.231760	 0.778974
2.248927	 0.510574
2.266094	 -0.146093
2.283262	 1.438957
2.300429	 1.382899
2.317597	 -0.342447
2.334764	 0.585666
2.351931	 -1.107805
2.369099	 1.062887
2.386266	 0.807347
2.403433	 1.321297
2.420601	 2.324838
2.437768	 4.273558
2.454936	 5.061858
2.472103	 5.549082
2.489270	 5.564612
2.506438	 5.551427
2.523605	 5.771197
2.540773	 4.744181
2.557940	 4.325807
2.575107	 2.360374
2.592275	 -0.709502
2.609442	 1.965386
2.626609	 2.547357
2.643777	 0.508608
2.660944	 -0.062967
2.678112	 0.077912
2.695279	 0.390777
2.712446	 0.837671
2.729614	 -0.073249
2.746781	 0.607127
2.763948	 0.018224
2.781116	 0.985232
2.798283	 0.048800
2.815451	 0.426948
2.832618	 -0.575827
2.849785	 0.430100
2.866953	 -0.249744
2.884120	 2.096823
2.901288	 -1.365814
2.918455	 0.693077
2.935622	 3.127560
2.952790	 5.587745
2.969957	 3.462623
2.987124	 4.118945
3.004292	 3.859541
3.021459	 5.060856
3.038627	 2.759399
3.055794	 2.806031
3.072961	 0.767803
3.090129	 -1.208743
3.107296	 -0.510158
3.124464	 -0.980499
3.141631	 -0.576156
3.158798	 -2.094868
3.175966	 -2.496731
3.193133	 -1.077086
3.210300	 -1.127711
3.227468	 -0.883240
3.244635	 -1.174516
3.261803	 -0.057391
3.278970	 -1.134534
3.296137	 -0.002842
3.313305	 -1.230702
3.330472	 -2.044813
3.347639	 -4.522346
3.364807	 -2.237947
3.381974	 -2.085426
3.399142	 -1.095350
3.416309	 -0.061924
3.433476	 -0.611215
3.450644	 1.477892
3.467811	 0.793893
3.484979	 3.741208
3.502146	 0.540790
3.519313	 -0.165735
3.536481	 -0.663621
3.553648	 -0.758504
3.570815	 -1.971932
3.587983	 0.120421
3.605150	 -3.018883
3.622318	 -4.669768
3.639485	 -2.572700
3.656652	 -4.356315
3.673820	 -4.857384
3.690987	 -2.445718
3.708155	 -2.351233
3.725322	 -3.115090
3.742489	 -1.109847
3.759657	 -2.399562
3.776824	 -1.094110
3.793991	 -2.514286
3.811159	 -1.804909
3.828326	 -3.539928
3.845494	 -4.993227
3.862661	 -1.208314
3.879828	 -3.807942
3.896996	 -2.794673
3.914163	 -2.417749
3.931330	 -0.930493
3.948498	 0.491337
3.965665	 1.280534
3.982833	 2.309958
4.000000	 3.674124
4.017167	 1.629885
4.034335	 0.048218
4.051502	 -0.630170
4.068670	 -0.989092
4.085837	 -2.888256
4.103004	 -1.168923
4.120172	 -3.061026
4.137339	 -3.173142
4.154506	 -2.885158
4.171674	 -4.062703
4.188841	 -3.150580
4.206009	 -1.178661
4.223176	 -0.841829
4.240343	 -1.636436
4.257511	 0.710771
4.274678	 -2.488653
4.291845	 -1.745577
4.309013	 -1.904523
4.326180	 -4.694941
4.343348	 -0.045986
4.360515	 -1.470197
4.377682	 -2.460295
4.394850	 1.327451
4.412017	 0.772276
4.429185	 1.648828
4.446352	 1.643162
4.463519	 3.253478
4.480687	 2.267455
4.497854	 4.899884
4.515021	 3.673789
4.532189	 3.777714
4.549356	 4.164721
4.566524	 2.400206
4.583691	 1.494583
4.600858	 0.717012
4.618026	 -0.888200
4.635193	 0.346108
4.652361	 0.994036
4.669528	 0.391376
4.686695	 0.866084
4.703863	 -0.479672
4.721030	 -0.088818
4.738197	 -0.401973
4.755365	 2.356919
4.772532	 0.773277
4.789700	 2.183971
4.806867	 -0.311975
4.824034	 -0.253815
4.841202	 0.123508
4.858369	 1.010267
4.875536	 0.477314
4.892704	 1.226180
4.909871	 1.854195
4.927039	 2.970432
4.944206	 2.643744
4.961373	 4.687459
4.978541	 5.025314
4.995708	 5.431433
5.012876	 5.887314
5.030043	 4.265124
5.047210	 4.121999
5.064378	 2.986209
5.081545	 2.723235
5.098712	 2.187900
5.115880	 -0.271701
5.133047	 0.803806
5.150215	 2.093025
5.167382	 -1.387586
5.184549	 -0.513425
5.201717	 -0.250527
5.218884	 0.641013
5.236052	 2.720506
5.253219	 1.118554
5.270386	 0.233665
5.287554	 1.220488
5.304721	 -0.412305
5.321888	 0.915283
5.339056	 -0.179398
5.356223	 0.835773
5.373391	 -1.018458
5.390558	 3.144021
5.407725	 1.642129
5.424893	 2.324577
5.442060	 2.500733
5.459227	 2.605946
5.476395	 3.018292
5.493562	 3.986618
5.510730	 3.196891
5.527897	 3.790469
5.545064	 1.897266
5.562232	 2.364368
5.579399	 1.651108
5.596567	 -0.996559
5.613734	 0.091240
5.630901	 -1.899316
5.648069	 -0.787171
5.665236	 -1.528652
5.682403	 -0.677626
5.699571	 -2.533223
5.716738	 -1.385969
5.733906	 0.330536
5.751073	 -1.741561
5.768240	 -3.344321
5.785408	 -3.588247
5.802575	 -4.578554
5.819742	 -4.605788
5.836910	 -3.211922
5.854077	 -1.627531
5.871245	 -3.190148
5.888412	 -1.986005
5.905579	 -1.734939
5.922747	 -0.766502
5.939914	 -0.043551
5.957082	 0.768621
5.974249	 2.015409
5.991416	 0.685325
6.008584	 2.820717
6.025751	 2.322205
6.042918	 0.494628
6.060086	 0.576338
6.077253	 -1.930027
6.094421	 -2.714886
6.111588	 -2.804039
6.128755	 -3.685754
6.145923	 -4.197864
6.163090	 -4.409681
6.180258	 -4.078208
6.197425	 -2.252258
6.214592	 -4.796434
6.231760	 -2.247972
6.248927	 -2.736793
6.266094	 -1.850835
6.283262	 -2.300065
6.300429	 -5.930052
6.317597	 -2.898974
6.334764	 -3.395428
6.351931	 -3.739435
6.369099	 -4.011455
6.386266	 -2.188640
6.403433	 -2.699679
6.420601	 0.482032
6.437768	 0.212067
6.454936	 2.721562
6.472103	 0.542583
6.489270	 0.022570
6.506438	 2.589855
6.523605	 2.463553
6.540773	 1.068244
6.557940	 -1.304699
6.575107	 -1.110579
6.592275	 -0.907663
6.609442	 -2.420357
6.626609	 -2.824221
6.643777	 -3.076989
6.660944	 -3.760133
6.678112	 -3.071375
6.695279	 -3.553616
6.712446	 0.072057
6.729614	 -1.817357
6.746781	 -0.659061
6.763948	 -2.133459
6.781116	 -0.457835
6.798283	 -3.374786
6.815451	 -0.849547
6.832618	 -1.990055
6.849785	 0.152034
6.866953	 -3.018311
6.884120	 -1.109835
6.901288	 -0.036365
6.918455	 1.798682
6.935622	 1.190379
6.952790	 2.695561
6.969957	 1.281822
6.987124	 3.122025
7.004292	 4.578505
7.021459	 5.038647
7.038627	 3.133702
7.055794	 4.714020
7.072961	 3.541539
7.090129	 0.857540
7.107296	 -2.223731
7.124464	 -2.090559
7.141631	 -1.321514
7.158798	 0.609714
7.175966	 0.059013
7.193133	 -1.959199
7.210300	 0.321163
7.227468	 2.507745
7.244635	 0.718161
7.261803	 0.358666
7.278970	 3.004627
7.296137	 0.723037
7.313305	 -0.125487
7.330472	 0.455017
7.347639	 0.039026
7.364807	 -0.250013
7.381974	 1.819151
7.399142	 2.417010
7.416309	 3.027341
7.433476	 3.058728
7.450644	 5.245570
7.467811	 4.817698
7.484979	 5.824058
7.502146	 6.530750
7.519313	 6.074610
7.536481	 6.487325
7.553648	 4.326557
7.570815	 1.232129
7.587983	 0.791946
7.605150	 2.457216
7.622318	 0.145764
7.639485	 0.501162
7.656652	 -0.829051
7.673820	 1.155977
7.690987	 0.045640
7.708155	 2.204963
7.725322	 0.471575
7.742489	 2.240325
7.759657	 1.734173
7.776824	 0.097172
7.793991	 1.548203
7.811159	 -0.869956
7.828326	 -1.153566
7.845494	 0.183123
7.862661	 -1.137488
7.879828	 -0.805688
7.896996	 0.009696
7.914163	 0.125532
7.931330	 3.049275
7.948498	 3.471806
7.965665	 3.502375
7.982833	 3.907283
8.000000	 4.568190
8.017167	 5.616922
8.034335	 4.114804
8.051502	 1.863792
8.068670	 2.128401
8.085837	 0.192589
8.103004	 -0.819269
8.120172	 0.523046
8.137339	 -2.218272
8.154506	 -2.458172
8.171674	 -3.874133
8.188841	 -3.109149
8.206009	 -0.982501
8.223176	 -1.899017
8.240343	 -0.585532
8.257511	 -2.286442
8.274678	 -2.186033
8.291845	 -1.125369
8.309013	 -0.774951
8.326180	 -2.033306
8.343348	 -1.670021
8.360515	 -1.175042
8.377682	 -1.575552
8.394850	 -2.996691
8.412017	 -1.425334
8.429185	 0.193626
8.446352	 0.033255
8.463519	 1.654311
8.480687	 0.129876
8.497854	 1.056794
8.515021	 2.226468
8.532189	 -1.070887
8.549356	 -0.744728
8.566524	 -0.619319
8.583691	 6.683343
8.600858	 7.561203
8.618026	 6.007506
8.635193	 6.084557
8.652361	 5.967643
8.669528	 6.513714
8.686695	 6.031296
8.703863	 7.029567
8.721030	 6.654881
8.738197	 8.013401
8.755365	 9.184920
8.772532	 7.545556
8.789700	 7.236858
8.806867	 5.557340
8.824034	 7.104000
8.841202	 5.479506
8.858369	 5.479066
8.875536	 7.169781
8.892704	 7.395633
8.909871	 9.155217
8.927039	 10.464385
8.944206	 9.473706
8.961373	 11.019966
8.978541	 13.296163
8.995708	 12.824293
9.012876	 12.529921
9.030043	 12.732961
9.047210	 10.148466
9.064378	 10.538752
9.081545	 10.412114
9.098712	 9.805448
9.115880	 6.749415
9.133047	 6.934388
9.150215	 7.480059
9.167382	 6.972063
9.184549	 7.215062
9.201717	 8.721869
9.218884	 8.097029
9.236052	 6.967179
9.253219	 9.255951
9.270386	 8.428353
9.287554	 7.931086
9.304721	 6.828745
9.321888	 9.159064
9.339056	 5.791045
9.356223	 6.402722
9.373391	 8.176844
9.390558	 10.308881
9.407725	 11.252894
9.424893	 9.801166
9.442060	 11.822278
9.459227	 11.431940
9.476395	 14.671710
9.493562	 12.584483
9.510730	 13.953539
9.527897	 14.807283
9.545064	 12.930892
9.562232	 13.806025
9.579399	 10.579090
9.596567	 10.992713
9.613734	 10.824505
9.630901	 9.428015
9.648069	 10.827099
9.665236	 10.116124
9.682403	 8.246120
9.699571	 14.251503
9.716738	 11.340746
9.733906	 11.096231
9.751073	 9.722022
9.768240	 11.149407
9.785408	 10.395139
9.802575	 11.194305
9.819742	 10.618556
9.836910	 11.902585
9.854077	 10.192093
9.871245	 10.822029
9.888412	 11.214219
9.905579	 11.466844
9.922747	 12.364786
9.939914	 14.625654
9.957082	 15.193277
9.974249	 14.459234
9.991416	 14.339705
10.008584	 15.385731
10.025751	 16.250115
10.042918	 14.385720
10.060086	 15.271089
10.077253	 11.773115
10.094421	 11.756974
10.111588	 8.325458
10.128755	 9.712856
10.145923	 9.740721
10.163090	 10.560513
10.180258	 11.957548
10.197425	 10.584895
10.214592	 12.309000
10.231760	 11.729320
10.248927	 12.107187
10.266094	 10.522733
10.283262	 12.077093
10.300429	 9.219936
10.317597	 10.378729
10.334764	 8.615932
10.351931	 8.922639
10.369099	 8.106323
10.386266	 9.454875
10.403433	 10.974639
10.420601	 11.380327
10.437768	 10.988099
10.454936	 14.624046
10.472103	 14.111521
10.489270	 15.104800
10.506438	 14.846273
10.523605	 12.995635
10.540773	 10.997349
10.557940	 11.084486
10.575107	 12.181304
10.592275	 8.889642
10.609442	 9.895969
10.626609	 7.840283
10.643777	 8.495165
10.660944	 6.194238
10.678112	 9.312316
10.695279	 8.354814
10.712446	 9.548443
10.729614	 9.042707
10.746781	 9.692168
10.763948	 8.653160
10.781116	 9.193796
10.798283	 6.528295
10.815451	 6.526168
10.832618	 7.986535
10.849785	 7.058165
10.866953	 6.957308
10.884120	 7.375987
10.901288	 8.686261
10.918455	 8.409517
10.935622	 10.412477
10.952790	 9.837277
10.969957	 11.019503
10.987124	 12.801824
11.004292	 12.929007
11.021459	 10.438594
11.038627	 11.730224
11.055794	 8.974206
11.072961	 9.754531
11.090129	 6.149230
11.107296	 6.097484
11.124464	 6.103369
11.141631	 6.121427
11.158798	 7.661188
11.175966	 7.314633
11.193133	 8.296816
11.210300	 8.273596
11.227468	 7.065822
11.244635	 7.224784
11.261803	 8.526299
11.278970	 7.296409
11.296137	 6.782887
11.313305	 5.259882
11.330472	 6.217961
11.347639	 3.435630
11.364807	 5.920034
11.381974	 5.827163
11.399142	 8.196656
11.416309	 7.924065
11.433476	 9.069348
11.450644	 11.710090
11.467811	 10.117132
11.484979	 12.014247
11.502146	 9.990155
11.519313	 11.798762
11.536481	 11.612631
11.553648	 11.307973
11.570815	 8.664748
11.587983	 8.999668
11.605150	 8.239903
11.622318	 7.365127
11.639485	 7.270380
11.656652	 7.595682
11.673820	 7.772102
11.690987	 6.768146
11.708155	 7.004199
11.725322	 11.087257
11.742489	 10.748222
11.759657	 7.507361
11.776824	 9.246121
11.793991	 9.193813
11.811159	 9.044517
11.828326	 8.218367
11.845494	 7.094141
11.862661	 8.018246
11.879828	 8.165449
11.896996	 9.514103
11.914163	 10.042989
11.931330	 11.219306
11.948498	 13.390802
11.965665	 14.474392
11.982833	 12.670484
12.000000	 13.658104
