#raw: time data
      0 7.124345
0.017167 4.702554
0.034335 4.256421
0.051502 2.915207
0.06867 3.904474
0.085837 -0.233076
0.103004 2.947391
0.120172 -0.219429
0.137339 0.463753
0.154506 -0.229082
0.171674 1.59086
0.188841 -1.668493
0.206009 0.386209
0.223176 0.593894
0.240343 2.250602
0.257511 -0.022078
0.274678 0.68565
0.291845 -0.377816
0.309013 0.125253
0.32618 0.290502
0.343348 -1.624766
0.360515 0.614671
0.377682 0.637037
0.39485 0.772459
0.412017 1.92184
0.429185 1.209076
0.446352 2.63865
0.463519 2.559792
0.480687 3.709831
0.497854 4.655731
0.515021 3.212979
0.532189 2.939488
0.549356 1.804805
0.566524 0.637175
0.583691 -0.233418
0.600858 -0.526171
0.618026 -2.384214
0.635193 -1.523343
0.652361 -0.310909
0.669528 -1.197655
0.686695 -1.930884
0.703863 -2.354996
0.72103 -1.974447
0.738197 0.587554
0.755365 -1.101887
0.772532 -2.016217
 0.7897 -1.556473
0.806867 -0.081451
0.824034 -2.46298
0.841202 -2.231587
0.858369 -2.592573
0.875536 -3.016381
0.892704 -3.301561
0.909871 -1.773268
0.927039 -0.758665
0.944206 0.928622
0.961373 1.958461
0.978541 2.593593
0.995708 2.168702
1.012876 2.625944
1.030043   0.495
1.04721 1.727622
1.064378 0.036345
1.081545 -1.77372
1.098712 -1.904279
1.11588 -3.195074
1.133047 -2.453923
1.150215 -2.249531
1.167382 -1.513519
1.184549 -4.841449
1.201717 -4.547796
1.218884 -3.28317
1.236052 -2.39932
1.253219 -1.627036
1.270386 -2.309087
1.287554 -4.914659
1.304721 -3.54141
1.321888 -2.728053
1.339056 -3.52143
1.356223 -2.970736
1.373391 -3.666146
1.390558 -3.075515
1.407725 -1.879469
1.424893 -0.693815
1.44206 0.091232
1.459227 0.911387
1.476395 0.800784
1.493562 2.214589
1.51073 1.963711
1.527897 2.622311
1.545064 2.048371
1.562232 0.199075
1.579399 -1.261904
1.596567 -2.360348
1.613734 -1.955481
1.630901 -2.705816
1.648069 -3.25026
1.665236 -2.727539
1.682403 -3.063146
1.699571 -1.319037
1.716738 -2.043951
1.733906 -0.050224
1.751073 -0.709774
1.76824 -0.539206
1.785408 -2.402481
1.802575 -1.401519
1.819742 -1.087664
1.83691 -2.929624
1.854077 -2.188497
1.871245 -1.573933
1.888412 -2.385813
1.905579 0.140101
1.922747 1.671352
1.939914 1.012748
1.957082 3.185086
1.974249 2.274301
1.991416 3.99177
2.008584 2.496756
2.025751 4.954038
2.042918 3.652991
2.060086 2.419951
2.077253 0.78402
2.094421 1.993009
2.111588 2.007375
2.128755 -2.254864
2.145923 0.677996
2.16309 1.167744
2.180258 0.174892
2.197425 -0.959083
2.214592 1.509477
2.23176 0.778974
2.248927 0.510574
2.266094 -0.146093
2.283262 1.438957
2.300429 1.382899
2.317597 -0.342447
2.334764 0.585666
2.351931 -1.107805
2.369099 1.062887
2.386266 0.807347
2.403433 1.321297
2.420601 2.324838
2.437768 4.273558
2.454936 5.061858
2.472103 5.549082
2.48927 5.564612
2.506438 5.551427
2.523605 5.771197
2.540773 4.744181
2.55794 4.325807
2.575107 2.360374
2.592275 -0.709502
2.609442 1.965386
2.626609 2.547357
2.643777 0.508608
2.660944 -0.062967
2.678112 0.077912
2.695279 0.390777
2.712446 0.837671
2.729614 -0.073249
2.746781 0.607127
2.763948 0.018224
2.781116 0.985232
2.798283  0.0488
2.815451 0.426948
2.832618 -0.575827
2.849785  0.4301
2.866953 -0.249744
2.88412 2.096823
2.901288 -1.365814
2.918455 0.693077
2.935622 3.12756
2.95279 5.587745
2.969957 3.462623
2.987124 4.118945
3.004292 3.859541
3.021459 5.060856
3.038627 2.759399
3.055794 2.806031
3.072961 0.767803
3.090129 -1.208743
3.107296 -0.510158
3.124464 -0.980499
3.141631 -0.576156
3.158798 -2.094868
3.175966 -2.496731
3.193133 -1.077086
 3.2103 -1.127711
3.227468 -0.88324
3.244635 -1.174516
3.261803 -0.057391
3.27897 -1.134534
3.296137 -0.002842
3.313305 -1.230702
3.330472 -2.044813
3.347639 -4.522346
3.364807 -2.237947
3.381974 -2.085426
3.399142 -1.09535
3.416309 -0.061924
3.433476 -0.611215
3.450644 1.477892
3.467811 0.793893
3.484979 3.741208
3.502146 0.54079
3.519313 -0.165735
3.536481 -0.663621
3.553648 -0.758504
3.570815 -1.971932
3.587983 0.120421
3.60515 -3.018883
3.622318 -4.669768
3.639485 -2.5727
3.656652 -4.356315
3.67382 -4.857384
3.690987 -2.445718
3.708155 -2.351233
3.725322 -3.11509
3.742489 -1.109847
3.759657 -2.399562
3.776824 -1.09411
3.793991 -2.514286
3.811159 -1.804909
3.828326 -3.539928
3.845494 -4.993227
3.862661 -1.208314
3.879828 -3.807942
3.896996 -2.794673
3.914163 -2.417749
3.93133 -0.930493
3.948498 0.491337
3.965665 1.280534
3.982833 2.309958
      4 3.674124
4.017167 1.629885
4.034335 0.048218
4.051502 -0.63017
4.06867 -0.989092
4.085837 -2.888256
4.103004 -1.168923
4.120172 -3.061026
4.137339 -3.173142
4.154506 -2.885158
4.171674 -4.062703
4.188841 -3.15058
4.206009 -1.178661
4.223176 -0.841829
4.240343 -1.636436
4.257511 0.710771
4.274678 -2.488653
4.291845 -1.745577
4.309013 -1.904523
4.32618 -4.694941
4.343348 -0.045986
4.360515 -1.470197
4.377682 -2.460295
4.39485 1.327451
4.412017 0.772276
4.429185 1.648828
4.446352 1.643162
4.463519 3.253478
4.480687 2.267455
4.497854 4.899884
4.515021 3.673789
4.532189 3.777714
4.549356 4.164721
4.566524 2.400206
4.583691 1.494583
4.600858 0.717012
4.618026 -0.8882
4.635193 0.346108
4.652361 0.994036
4.669528 0.391376
4.686695 0.866084
4.703863 -0.479672
4.72103 -0.088818
4.738197 -0.401973
4.755365 2.356919
4.772532 0.773277
 4.7897 2.183971
4.806867 -0.311975
4.824034 -0.253815
4.841202 0.123508
4.858369 1.010267
4.875536 0.477314
4.892704 1.22618
4.909871 1.854195
4.927039 2.970432
4.944206 2.643744
4.961373 4.687459
4.978541 5.025314
4.995708 5.431433
5.012876 5.887314
5.030043 4.265124
5.04721 4.121999
5.064378 2.986209
5.081545 2.723235
5.098712  2.1879
5.11588 -0.271701
5.133047 0.803806
5.150215 2.093025
5.167382 -1.387586
5.184549 -0.513425
5.201717 -0.250527
5.218884 0.641013
5.236052 2.720506
5.253219 1.118554
5.270386 0.233665
5.287554 1.220488
5.304721 -0.412305
5.321888 0.915283
5.339056 -0.179398
5.356223 0.835773
5.373391 -1.018458
5.390558 3.144021
5.407725 1.642129
5.424893 2.324577
5.44206 2.500733
5.459227 2.605946
5.476395 3.018292
5.493562 3.986618
5.51073 3.196891
5.527897 3.790469
5.545064 1.897266
5.562232 2.364368
5.579399 1.651108
5.596567 -0.996559
5.613734 0.09124
5.630901 -1.899316
5.648069 -0.787171
5.665236 -1.528652
5.682403 -0.677626
5.699571 -2.533223
5.716738 -1.385969
5.733906 0.330536
5.751073 -1.741561
5.76824 -3.344321
5.785408 -3.588247
5.802575 -4.578554
5.819742 -4.605788
5.83691 -3.211922
5.854077 -1.627531
5.871245 -3.190148
5.888412 -1.986005
5.905579 -1.734939
5.922747 -0.766502
5.939914 -0.043551
5.957082 0.768621
5.974249 2.015409
5.991416 0.685325
6.008584 2.820717
6.025751 2.322205
6.042918 0.494628
6.060086 0.576338
6.077253 -1.930027
6.094421 -2.714886
6.111588 -2.804039
6.128755 -3.685754
6.145923 -4.197864
6.16309 -4.409681
6.180258 -4.078208
6.197425 -2.252258
6.214592 -4.796434
6.23176 -2.247972
6.248927 -2.736793
6.266094 -1.850835
6.283262 -2.300065
6.300429 -5.930052
6.317597 -2.898974
6.334764 -3.395428
6.351931 -3.739435
6.369099 -4.011455
6.386266 -2.18864
6.403433 -2.699679
6.420601 0.482032
6.437768 0.212067
6.454936 2.721562
6.472103 0.542583
6.48927 0.02257
6.506438 2.589855
6.523605 2.463553
6.540773 1.068244
6.55794 -1.304699
6.575107 -1.110579
6.592275 -0.907663
6.609442 -2.420357
6.626609 -2.824221
6.643777 -3.076989
6.660944 -3.760133
6.678112 -3.071375
6.695279 -3.553616
6.712446 0.072057
6.729614 -1.817357
6.746781 -0.659061
6.763948 -2.133459
6.781116 -0.457835
6.798283 -3.374786
6.815451 -0.849547
6.832618 -1.990055
6.849785 0.152034
6.866953 -3.018311
6.88412 -1.109835
6.901288 -0.036365
6.918455 1.798682
6.935622 1.190379
6.95279 2.695561
6.969957 1.281822
6.987124 3.122025
7.004292 4.578505
7.021459 5.038647
7.038627 3.133702
7.055794 4.71402
7.072961 3.541539
7.090129 0.85754
7.107296 -2.223731
7.124464 -2.090559
7.141631 -1.321514
7.158798 0.609714
7.175966 0.059013
7.193133 -1.959199
 7.2103 0.321163
7.227468 2.507745
7.244635 0.718161
7.261803 0.358666
7.27897 3.004627
7.296137 0.723037
7.313305 -0.125487
7.330472 0.455017
7.347639 0.039026
7.364807 -0.250013
7.381974 1.819151
7.399142 2.41701
7.416309 3.027341
7.433476 3.058728
7.450644 5.24557
7.467811 4.817698
7.484979 5.824058
7.502146 6.53075
7.519313 6.07461
7.536481 6.487325
7.553648 4.326557
7.570815 1.232129
7.587983 0.791946
7.60515 2.457216
7.622318 0.145764
7.639485 0.501162
7.656652 -0.829051
7.67382 1.155977
7.690987 0.04564
7.708155 2.204963
7.725322 0.471575
7.742489 2.240325
7.759657 1.734173
7.776824 0.097172
7.793991 1.548203
7.811159 -0.869956
7.828326 -1.153566
7.845494 0.183123
7.862661 -1.137488
7.879828 -0.805688
7.896996 0.009696
7.914163 0.125532
7.93133 3.049275
7.948498 3.471806
7.965665 3.502375
7.982833 3.907283
      8 4.56819
8.017167 5.616922
8.034335 4.114804
8.051502 1.863792
8.06867 2.128401
8.085837 0.192589
8.103004 -0.819269
8.120172 0.523046
8.137339 -2.218272
8.154506 -2.458172
8.171674 -3.874133
8.188841 -3.109149
8.206009 -0.982501
8.223176 -1.899017
8.240343 -0.585532
8.257511 -2.286442
8.274678 -2.186033
8.291845 -1.125369
8.309013 -0.774951
8.32618 -2.033306
8.343348 -1.670021
8.360515 -1.175042
8.377682 -1.575552
8.39485 -2.996691
8.412017 -1.425334
8.429185 0.193626
8.446352 0.033255
8.463519 1.654311
8.480687 0.129876
8.497854 1.056794
8.515021 2.226468
8.532189 -1.070887
8.549356 -0.744728
8.566524 -0.619319
8.583691 6.683343
8.600858 7.561203
8.618026 6.007506
8.635193 6.084557
8.652361 5.967643
8.669528 6.513714
8.686695 6.031296
8.703863 7.029567
8.72103 6.654881
8.738197 8.013401
8.755365 9.18492
8.772532 7.545556
 8.7897 7.236858
8.806867 5.55734
8.824034   7.104
8.841202 5.479506
8.858369 5.479066
8.875536 7.169781
8.892704 7.395633
8.909871 9.155217
8.927039 10.464385
8.944206 9.473706
8.961373 11.019966
8.978541 13.296163
8.995708 12.824293
9.012876 12.529921
9.030043 12.732961
9.04721 10.148466
9.064378 10.538752
9.081545 10.412114
9.098712 9.805448
9.11588 6.749415
9.133047 6.934388
9.150215 7.480059
9.167382 6.972063
9.184549 7.215062
9.201717 8.721869
9.218884 8.097029
9.236052 6.967179
9.253219 9.255951
9.270386 8.428353
9.287554 7.931086
9.304721 6.828745
9.321888 9.159064
9.339056 5.791045
9.356223 6.402722
9.373391 8.176844
9.390558 10.308881
9.407725 11.252894
9.424893 9.801166
9.44206 11.822278
9.459227 11.43194
9.476395 14.67171
9.493562 12.584483
9.51073 13.953539
9.527897 14.807283
9.545064 12.930892
9.562232 13.806025
9.579399 10.57909
9.596567 10.992713
9.613734 10.824505
9.630901 9.428015
9.648069 10.827099
9.665236 10.116124
9.682403 8.24612
9.699571 14.251503
9.716738 11.340746
9.733906 11.096231
9.751073 9.722022
9.76824 11.149407
9.785408 10.395139
9.802575 11.194305
9.819742 10.618556
9.83691 11.902585
9.854077 10.192093
9.871245 10.822029
9.888412 11.214219
9.905579 11.466844
9.922747 12.364786
9.939914 14.625654
9.957082 15.193277
9.974249 14.459234
9.991416 14.339705
10.008584 15.385731
10.025751 16.250115
10.042918 14.38572
10.060086 15.271089
10.077253 11.773115
10.094421 11.756974
10.111588 8.325458
10.128755 9.712856
10.145923 9.740721
10.16309 10.560513
10.180258 11.957548
10.197425 10.584895
10.214592  12.309
10.23176 11.72932
10.248927 12.107187
10.266094 10.522733
10.283262 12.077093
10.300429 9.219936
10.317597 10.378729
10.334764 8.615932
10.351931 8.922639
10.369099 8.106323
10.386266 9.454875
10.403433 10.974639
10.420601 11.380327
10.437768 10.988099
10.454936 14.624046
10.472103 14.111521
10.48927 15.1048
10.506438 14.846273
10.523605 12.995635
10.540773 10.997349
10.55794 11.084486
10.575107 12.181304
10.592275 8.889642
10.609442 9.895969
10.626609 7.840283
10.643777 8.495165
10.660944 6.194238
10.678112 9.312316
10.695279 8.354814
10.712446 9.548443
10.729614 9.042707
10.746781 9.692168
10.763948 8.65316
10.781116 9.193796
10.798283 6.528295
10.815451 6.526168
10.832618 7.986535
10.849785 7.058165
10.866953 6.957308
10.88412 7.375987
10.901288 8.686261
10.918455 8.409517
10.935622 10.412477
10.95279 9.837277
10.969957 11.019503
10.987124 12.801824
11.004292 12.929007
11.021459 10.438594
11.038627 11.730224
11.055794 8.974206
11.072961 9.754531
11.090129 6.14923
11.107296 6.097484
11.124464 6.103369
11.141631 6.121427
11.158798 7.661188
11.175966 7.314633
11.193133 8.296816
11.2103 8.273596
11.227468 7.065822
11.244635 7.224784
11.261803 8.526299
11.27897 7.296409
11.296137 6.782887
11.313305 5.259882
11.330472 6.217961
11.347639 3.43563
11.364807 5.920034
11.381974 5.827163
11.399142 8.196656
11.416309 7.924065
11.433476 9.069348
11.450644 11.71009
11.467811 10.117132
11.484979 12.014247
11.502146 9.990155
11.519313 11.798762
11.536481 11.612631
11.553648 11.307973
11.570815 8.664748
11.587983 8.999668
11.60515 8.239903
11.622318 7.365127
11.639485 7.27038
11.656652 7.595682
11.67382 7.772102
11.690987 6.768146
11.708155 7.004199
11.725322 11.087257
11.742489 10.748222
11.759657 7.507361
11.776824 9.246121
11.793991 9.193813
11.811159 9.044517
11.828326 8.218367
11.845494 7.094141
11.862661 8.018246
11.879828 8.165449
11.896996 9.514103
11.914163 10.042989
11.93133 11.219306
11.948498 13.390802
11.965665 14.474392
11.982833 12.670484
     12 13.658104


#jump: time data
      0 7.124345
0.017167 4.702554
0.034335 4.256421
0.051502 2.915207
0.06867 3.904474
0.085837 -0.233076
0.103004 2.947391
0.120172 -0.219429
0.137339 0.463753
0.154506 -0.229082
0.171674 1.59086
0.188841 -1.668493
0.206009 0.386209
0.223176 0.593894
0.240343 2.250602
0.257511 -0.022078
0.274678 0.68565
0.291845 -0.377816
0.309013 0.125253
0.32618 0.290502
0.343348 -1.624766
0.360515 0.614671
0.377682 0.637037
0.39485 0.772459
0.412017 1.92184
0.429185 1.209076
0.446352 2.63865
0.463519 2.559792
0.480687 3.709831
0.497854 4.655731
0.515021 3.212979
0.532189 2.939488
0.549356 1.804805
0.566524 0.637175
0.583691 -0.233418
0.600858 -0.526171
0.618026 -2.384214
0.635193 -1.523343
0.652361 -0.310909
0.669528 -1.197655
0.686695 -1.930884
0.703863 -2.354996
0.72103 -1.974447
0.738197 0.587554
0.755365 -1.101887
0.772532 -2.016217
 0.7897 -1.556473
0.806867 -0.081451
0.824034 -2.46298
0.841202 -2.231587
0.858369 -2.592573
0.875536 -3.016381
0.892704 -3.301561
0.909871 -1.773268
0.927039 -0.758665
0.944206 0.928622
0.961373 1.958461
0.978541 2.593593
0.995708 2.168702
1.012876 2.625944
1.030043   0.495
1.04721 1.727622
1.064378 0.036345
1.081545 -1.77372
1.098712 -1.904279
1.11588 -3.195074
1.133047 -2.453923
1.150215 -2.249531
1.167382 -1.513519
1.184549 -4.841449
1.201717 -4.547796
1.218884 -3.28317
1.236052 -2.39932
1.253219 -1.627036
1.270386 -2.309087
1.287554 -4.914659
1.304721 -3.54141
1.321888 -2.728053
1.339056 -3.52143
1.356223 -2.970736
1.373391 -3.666146
1.390558 -3.075515
1.407725 -1.879469
1.424893 -0.693815
1.44206 0.091232
1.459227 0.911387
1.476395 0.800784
1.493562 2.214589
1.51073 1.963711
1.527897 2.622311
1.545064 2.048371
1.562232 0.199075
1.579399 -1.261904
1.596567 -2.360348
1.613734 -1.955481
1.630901 -2.705816
1.648069 -3.25026
1.665236 -2.727539
1.682403 -3.063146
1.699571 -1.319037
1.716738 -2.043951
1.733906 -0.050224
1.751073 -0.709774
1.76824 -0.539206
1.785408 -2.402481
1.802575 -1.401519
1.819742 -1.087664
1.83691 -2.929624
1.854077 -2.188497
1.871245 -1.573933
1.888412 -2.385813
1.905579 0.140101
1.922747 1.671352
1.939914 1.012748
1.957082 3.185086
1.974249 2.274301
1.991416 3.99177
2.008584 2.496756
2.025751 4.954038
2.042918 3.652991
2.060086 2.419951
2.077253 0.78402
2.094421 1.993009
2.111588 2.007375
2.128755 -2.254864
2.145923 0.677996
2.16309 1.167744
2.180258 0.174892
2.197425 -0.959083
2.214592 1.509477
2.23176 0.778974
2.248927 0.510574
2.266094 -0.146093
2.283262 1.438957
2.300429 1.382899
2.317597 -0.342447
2.334764 0.585666
2.351931 -1.107805
2.369099 1.062887
2.386266 0.807347
2.403433 1.321297
2.420601 2.324838
2.437768 4.273558
2.454936 5.061858
2.472103 5.549082
2.48927 5.564612
2.506438 5.551427
2.523605 5.771197
2.540773 4.744181
2.55794 4.325807
2.575107 2.360374
2.592275 -0.709502
2.609442 1.965386
2.626609 2.547357
2.643777 0.508608
2.660944 -0.062967
2.678112 0.077912
2.695279 0.390777
2.712446 0.837671
2.729614 -0.073249
2.746781 0.607127
2.763948 0.018224
2.781116 0.985232
2.798283  0.0488
2.815451 0.426948
2.832618 -0.575827
2.849785  0.4301
2.866953 -0.249744
2.88412 2.096823
2.901288 -1.365814
2.918455 0.693077
2.935622 3.12756
2.95279 5.587745
2.969957 3.462623
2.987124 4.118945
3.004292 3.859541
3.021459 5.060856
3.038627 2.759399
3.055794 2.806031
3.072961 0.767803
3.090129 -1.208743
3.107296 -0.510158
3.124464 -0.980499
3.141631 -0.576156
3.158798 -2.094868
3.175966 -2.496731
3.193133 -1.077086
 3.2103 -1.127711
3.227468 -0.88324
3.244635 -1.174516
3.261803 -0.057391
3.27897 -1.134534
3.296137 -0.002842
3.313305 -1.230702
3.330472 -2.044813
3.347639 -4.522346
3.364807 -2.237947
3.381974 -2.085426
3.399142 -1.09535
3.416309 -0.061924
3.433476 -0.611215
3.450644 1.477892
3.467811 0.793893
3.484979 3.741208
3.502146 0.54079
3.519313 -0.165735
3.536481 -0.663621
3.553648 -0.758504
3.570815 -1.971932
3.587983 0.120421
3.60515 -3.018883
3.622318 -4.669768
3.639485 -2.5727
3.656652 -4.356315
3.67382 -4.857384
3.690987 -2.445718
3.708155 -2.351233
3.725322 -3.11509
3.742489 -1.109847
3.759657 -2.399562
3.776824 -1.09411
3.793991 -2.514286
3.811159 -1.804909
3.828326 -3.539928
3.845494 -4.993227
3.862661 -1.208314
3.879828 -3.807942
3.896996 -2.794673
3.914163 -2.417749
3.93133 -0.930493
3.948498 0.491337
3.965665 1.280534
3.982833 2.309958
      4 3.674124
4.017167 1.629885
4.034335 0.048218
4.051502 -0.63017
4.06867 -0.989092
4.085837 -2.888256
4.103004 -1.168923
4.120172 -3.061026
4.137339 -3.173142
4.154506 -2.885158
4.171674 -4.062703
4.188841 -3.15058
4.206009 -1.178661
4.223176 -0.841829
4.240343 -1.636436
4.257511 0.710771
4.274678 -2.488653
4.291845 -1.745577
4.309013 -1.904523
4.32618 -4.694941
4.343348 -0.045986
4.360515 -1.470197
4.377682 -2.460295
4.39485 1.327451
4.412017 0.772276
4.429185 1.648828
4.446352 1.643162
4.463519 3.253478
4.480687 2.267455
4.497854 4.899884
4.515021 3.673789
4.532189 3.777714
4.549356 4.164721
4.566524 2.400206
4.583691 1.494583
4.600858 0.717012
4.618026 -0.8882
4.635193 0.346108
4.652361 0.994036
4.669528 0.391376
4.686695 0.866084
4.703863 -0.479672
4.72103 -0.088818
4.738197 -0.401973
4.755365 2.356919
4.772532 0.773277
 4.7897 2.183971
4.806867 -0.311975
4.824034 -0.253815
4.841202 0.123508
4.858369 1.010267
4.875536 0.477314
4.892704 1.22618
4.909871 1.854195
4.927039 2.970432
4.944206 2.643744
4.961373 4.687459
4.978541 5.025314
4.995708 5.431433
5.012876 5.887314
5.030043 4.265124
5.04721 4.121999
5.064378 2.986209
5.081545 2.723235
5.098712  2.1879
5.11588 -0.271701
5.133047 0.803806
5.150215 2.093025
5.167382 -1.387586
5.184549 -0.513425
5.201717 -0.250527
5.218884 0.641013
5.236052 2.720506
5.253219 1.118554
5.270386 0.233665
5.287554 1.220488
5.304721 -0.412305
5.321888 0.915283
5.339056 -0.179398
5.356223 0.835773
5.373391 -1.018458
5.390558 3.144021
5.407725 1.642129
5.424893 2.324577
5.44206 2.500733
5.459227 2.605946
5.476395 3.018292
5.493562 3.986618
5.51073 3.196891
5.527897 3.790469
5.545064 1.897266
5.562232 2.364368
5.579399 1.651108
5.596567 -0.996559
5.613734 0.09124
5.630901 -1.899316
5.648069 -0.787171
5.665236 -1.528652
5.682403 -0.677626
5.699571 -2.533223
5.716738 -1.385969
5.733906 0.330536
5.751073 -1.741561
5.76824 -3.344321
5.785408 -3.588247
5.802575 -4.578554
5.819742 -4.605788
5.83691 -3.211922
5.854077 -1.627531
5.871245 -3.190148
5.888412 -1.986005
5.905579 -1.734939
5.922747 -0.766502
5.939914 -0.043551
5.957082 0.768621
5.974249 2.015409
5.991416 0.685325
6.008584 2.820717
6.025751 2.322205
6.042918 0.494628
6.060086 0.576338
6.077253 -1.930027
6.094421 -2.714886
6.111588 -2.804039
6.128755 -3.685754
6.145923 -4.197864
6.16309 -4.409681
6.180258 -4.078208
6.197425 -2.252258
6.214592 -4.796434
6.23176 -2.247972
6.248927 -2.736793
6.266094 -1.850835
6.283262 -2.300065
6.300429 -5.930052
6.317597 -2.898974
6.334764 -3.395428
6.351931 -3.739435
6.369099 -4.011455
6.386266 -2.18864
6.403433 -2.699679
6.420601 0.482032
6.437768 0.212067
6.454936 2.721562
6.472103 0.542583
6.48927 0.02257
6.506438 2.589855
6.523605 2.463553
6.540773 1.068244
6.55794 -1.304699
6.575107 -1.110579
6.592275 -0.907663
6.609442 -2.420357
6.626609 -2.824221
6.643777 -3.076989
6.660944 -3.760133
6.678112 -3.071375
6.695279 -3.553616
6.712446 0.072057
6.729614 -1.817357
6.746781 -0.659061
6.763948 -2.133459
6.781116 -0.457835
6.798283 -3.374786
6.815451 -0.849547
6.832618 -1.990055
6.849785 0.152034
6.866953 -3.018311
6.88412 -1.109835
6.901288 -0.036365
6.918455 1.798682
6.935622 1.190379
6.95279 2.695561
6.969957 1.281822
6.987124 3.122025
7.004292 4.578505
7.021459 5.038647
7.038627 3.133702
7.055794 4.71402
7.072961 3.541539
7.090129 0.85754
7.107296 -2.223731
7.124464 -2.090559
7.141631 -1.321514
7.158798 0.609714
7.175966 0.059013
7.193133 -1.959199
 7.2103 0.321163
7.227468 2.507745
7.244635 0.718161
7.261803 0.358666
7.27897 3.004627
7.296137 0.723037
7.313305 -0.125487
7.330472 0.455017
7.347639 0.039026
7.364807 -0.250013
7.381974 1.819151
7.399142 2.41701
7.416309 3.027341
7.433476 3.058728
7.450644 5.24557
7.467811 4.817698
7.484979 5.824058
7.502146 6.53075
7.519313 6.07461
7.536481 6.487325
7.553648 4.326557
7.570815 1.232129
7.587983 0.791946
7.60515 2.457216
7.622318 0.145764
7.639485 0.501162
7.656652 -0.829051
7.67382 1.155977
7.690987 0.04564
7.708155 2.204963
7.725322 0.471575
7.742489 2.240325
7.759657 1.734173
7.776824 0.097172
7.793991 1.548203
7.811159 -0.869956
7.828326 -1.153566
7.845494 0.183123
7.862661 -1.137488
7.879828 -0.805688
7.896996 0.009696
7.914163 0.125532
7.93133 3.049275
7.948498 3.471806
7.965665 3.502375
7.982833 3.907283
      8 4.56819
8.017167 5.616922
8.034335 4.114804
8.051502 1.863792
8.06867 2.128401
8.085837 0.192589
8.103004 -0.819269
8.120172 0.523046
8.137339 -2.218272
8.154506 -2.458172
8.171674 -3.874133
8.188841 -3.109149
8.206009 -0.982501
8.223176 -1.899017
8.240343 -0.585532
8.257511 -2.286442
8.274678 -2.186033
8.291845 -1.125369
8.309013 -0.774951
8.32618 -2.033306
8.343348 -1.670021
8.360515 -1.175042
8.377682 -1.575552
8.39485 -2.996691
8.412017 -1.425334
8.429185 0.193626
8.446352 0.033255
8.463519 1.654311
8.480687 0.129876
8.497854 1.056794
8.515021 2.226468
8.532189 -1.070887
8.549356 -0.744728
8.566524 -0.619319
8.583691 -0.744728
8.600858 0.133132
8.618026 -1.420565
8.635193 -1.343514
8.652361 -1.460428
8.669528 -0.914357
8.686695 -1.396775
8.703863 -0.398504
8.72103 -0.77319
8.738197 0.58533
8.755365 1.756849
8.772532 0.117485
 8.7897 -0.191213
8.806867 -1.870731
8.824034 -0.324071
8.841202 -1.948565
8.858369 -1.949005
8.875536 -0.25829
8.892704 -0.032438
8.909871 1.727146
8.927039 3.036314
8.944206 2.045635
8.961373 3.591895
8.978541 5.868092
8.995708 5.396222
9.012876 5.10185
9.030043 5.30489
9.04721 2.720395
9.064378 3.110681
9.081545 2.984043
9.098712 2.377377
9.11588 -0.678656
9.133047 -0.493683
9.150215 0.051988
9.167382 -0.456008
9.184549 -0.213009
9.201717 1.293798
9.218884 0.668958
9.236052 -0.460892
9.253219 1.82788
9.270386 1.000282
9.287554 0.503015
9.304721 -0.599326
9.321888 1.730993
9.339056 -1.637026
9.356223 -1.025349
9.373391 0.748773
9.390558 2.88081
9.407725 3.824823
9.424893 2.373095
9.44206 4.394207
9.459227 4.003869
9.476395 7.243639
9.493562 5.156412
9.51073 6.525468
9.527897 7.379212
9.545064 5.502821
9.562232 6.377954
9.579399 3.151019
9.596567 3.564642
9.613734 3.396434
9.630901 1.999944
9.648069 3.399028
9.665236 2.688053
9.682403 0.818049
9.699571 6.823432
9.716738 3.912675
9.733906 3.66816
9.751073 2.293951
9.76824 3.721336
9.785408 2.967068
9.802575 3.766234
9.819742 3.190485
9.83691 4.474514
9.854077 2.764022
9.871245 3.393958
9.888412 3.786148
9.905579 4.038773
9.922747 4.936715
9.939914 7.197583
9.957082 7.765206
9.974249 7.031163
9.991416 6.911634
10.008584 7.95766
10.025751 8.822044
10.042918 6.957649
10.060086 7.843018
10.077253 4.345044
10.094421 4.328903
10.111588 0.897387
10.128755 2.284785
10.145923 2.31265
10.16309 3.132442
10.180258 4.529477
10.197425 3.156824
10.214592 4.880929
10.23176 4.301249
10.248927 4.679116
10.266094 3.094662
10.283262 4.649022
10.300429 1.791865
10.317597 2.950658
10.334764 1.187861
10.351931 1.494568
10.369099 0.678252
10.386266 2.026804
10.403433 3.546568
10.420601 3.952256
10.437768 3.560028
10.454936 7.195975
10.472103 6.68345
10.48927 7.676729
10.506438 7.418202
10.523605 5.567564
10.540773 3.569278
10.55794 3.656415
10.575107 4.753233
10.592275 1.461571
10.609442 2.467898
10.626609 0.412212
10.643777 1.067094
10.660944 -1.233833
10.678112 1.884245
10.695279 0.926743
10.712446 2.120372
10.729614 1.614636
10.746781 2.264097
10.763948 1.225089
10.781116 1.765725
10.798283 -0.899776
10.815451 -0.901903
10.832618 0.558464
10.849785 -0.369906
10.866953 -0.470763
10.88412 -0.052084
10.901288 1.25819
10.918455 0.981446
10.935622 2.984406
10.95279 2.409206
10.969957 3.591432
10.987124 5.373753
11.004292 5.500936
11.021459 3.010523
11.038627 4.302153
11.055794 1.546135
11.072961 2.32646
11.090129 -1.278841
11.107296 -1.330587
11.124464 -1.324702
11.141631 -1.306644
11.158798 0.233117
11.175966 -0.113438
11.193133 0.868745
11.2103 0.845525
11.227468 -0.362249
11.244635 -0.203287
11.261803 1.098228
11.27897 -0.131662
11.296137 -0.645184
11.313305 -2.168189
11.330472 -1.21011
11.347639 -3.992441
11.364807 -1.508037
11.381974 -1.600908
11.399142 0.768585
11.416309 0.495994
11.433476 1.641277
11.450644 4.282019
11.467811 2.689061
11.484979 4.586176
11.502146 2.562084
11.519313 4.370691
11.536481 4.18456
11.553648 3.879902
11.570815 1.236677
11.587983 1.571597
11.60515 0.811832
11.622318 -0.062944
11.639485 -0.157691
11.656652 0.167611
11.67382 0.344031
11.690987 -0.659925
11.708155 -0.423872
11.725322 3.659186
11.742489 3.320151
11.759657 0.07929
11.776824 1.81805
11.793991 1.765742
11.811159 1.616446
11.828326 0.790296
11.845494 -0.33393
11.862661 0.590175
11.879828 0.737378
11.896996 2.086032
11.914163 2.614918
11.93133 3.791235
11.948498 5.962731
11.965665 7.046321
11.982833 5.242413
     12 6.230033


#powerspectrum: freq, power, alpha, beta
      0    -nan    -nan    -nan
0.020833  3.9244  1.8289 -0.76134
0.041667  1.6999 0.66116 -1.1237
 0.0625  1.0509 -0.7786 -0.66686
0.083333  1.4542 -0.99186 0.68584
0.10417   1.141 0.25391  1.0376
  0.125  1.0778  1.0333 -0.10101
0.14583 0.98502 0.22306 -0.96709
0.16667 0.78446 -0.80211 -0.37561
 0.1875 0.64466 -0.57514 0.56025
0.20833 0.28159 0.24231  0.4721
0.22917 0.16488 0.35155 -0.20321
   0.25 0.19977 -0.19504 -0.40216
0.27083 0.24959 -0.49959 -0.00016478
0.29167 0.14597 -0.26947 0.27084
 0.3125 0.0053593 -0.026107 0.068394
0.33333 0.16544 -0.30262 -0.27177
0.35417 0.90291 -0.94982 -0.027487
  0.375  2.1275   -1.18 0.85737
0.39583  3.3001 -0.46446  1.7562
0.41667  3.3509 0.87919  1.6056
 0.4375  2.3488  1.4642 0.45275
0.45833  1.0894 0.94277 -0.44786
0.47917 0.20473 0.14412 -0.4289
    0.5 0.0045666 -0.022799 0.063615
0.52083 0.090009 0.25828 0.15264
0.54167 0.084287 0.27996 -0.076863
 0.5625 0.0085611 0.055523 -0.074015
0.58333 0.022395 0.077162 0.12822
0.60417 0.079235 0.27541 0.058173
  0.625 0.066157 0.18992 -0.17346
0.64583 0.018116 -0.087274 -0.10246
0.66667 0.040329 -0.053511 0.19356
 0.6875 0.097696 0.25181 0.18517
0.70833 0.10429 0.29654 -0.1279
0.72917 0.053307 -0.0035987 -0.23086
   0.75 0.027423 -0.1643 0.020703
0.77083 0.038551 0.011689   0.196
0.79167 0.038534 0.17726 0.084346
 0.8125 0.016482 0.12004 -0.045509
0.83333 0.0024409 0.042772 -0.024727
0.85417 0.0025654 0.048403 -0.014917
  0.875 0.0017041 -0.0056979 -0.040885
0.89583 0.010098 -0.082883 0.056815
0.91667 0.037678 0.025461 0.19243
 0.9375 0.057073   0.216 0.10207
0.95833 0.044481 0.17233 -0.12159
0.97917 0.019017 -0.060689 -0.12383
      1 0.019946 -0.10262 0.097027
 1.0208 0.035435 0.10068 0.15906
 1.0417 0.035552 0.18588 -0.031642
 1.0625 0.019331 0.012192 -0.1385
 1.0833 0.014262 -0.11915 0.0080909
 1.1042 0.023036 -0.013991 0.15113
  1.125 0.025274 0.13041 0.090919
 1.1458 0.015708 0.12108 -0.032374
 1.1667 0.0060506 0.046295 -0.062509
 1.1875 0.0031585 0.0052916 -0.055951
 1.2083 0.004554 -0.049188 -0.046202
 1.2292 0.010495 -0.096736 0.033723
   1.25 0.017638 -0.031164  0.1291
 1.2708 0.016119 0.085702 0.093672
 1.2917 0.0058188 0.07317 -0.021562
 1.3125 0.0018112 -0.041208 -0.010636
 1.3333 0.015283 -0.031776 0.11947
 1.3542 0.033564 0.12485 0.13408
  1.375 0.04016 0.19841 -0.028199
 1.3958 0.031186 0.07795 -0.15846
 1.4167 0.01717 -0.069669 -0.11098
 1.4375 0.0074577 -0.086335 0.001999
 1.4583 0.0023759 -0.025801 0.041354
 1.4792 0.00042748 0.010483 0.017821
    1.5 0.00022369 0.0083213 -0.012427
 1.5208 0.0011859 -0.017593 -0.029604
 1.5417 0.0031582 -0.054186 -0.0149
 1.5625 0.0042065 -0.056755 0.03139
 1.5833 0.0024574 -0.010631 0.048419
 1.6042 0.00044245 0.019128 0.0087492
  1.625 0.00075943 -0.004071 -0.027255
 1.6458 0.001378 -0.02701 -0.025466
 1.6667 0.0021158 -0.028814 -0.035855
 1.6875 0.0076696 -0.06291 -0.060925
 1.7083 0.015063 -0.1177 -0.034801
 1.7292 0.011932 -0.10782 0.017513
   1.75 0.0054023 -0.073189 -0.006756
 1.7708 0.019654 -0.13043 -0.051401
 1.7917 0.045208 -0.21195 0.016936
 1.8125 0.037084 -0.1547 0.11468
 1.8333 0.0063512 -0.065089 0.045985
 1.8542 0.031836 -0.17009 -0.053904
  1.875  0.1004 -0.30753 0.076344
 1.8958 0.073579 -0.14793 0.22737
 1.9167 0.0035241 0.033353 -0.049109
 1.9375 0.35746 -0.41051 -0.43467
 1.9583  1.5666 -1.2516 -0.012614
 1.9792  3.2192 -1.2822  1.2551
      2  4.0128 -0.031789  2.0029
 2.0208  3.3042  1.2536  1.3163
 2.0417  1.7126  1.3076 0.052011
 2.0625 0.38775 0.47645 -0.40093
 2.0833 0.0024249 0.048634 0.0077222
 2.1042 0.14447 0.29337 0.24168
  2.125 0.18897 0.43438 -0.016711
 2.1458 0.054926 0.17223 -0.15894
 2.1667 0.0059248 0.03918 0.066255
 2.1875 0.092051 0.25642 0.16217
 2.2083 0.13825 0.36238 -0.08327
 2.2292 0.076013 0.12606 -0.2452
   2.25 0.011378 -0.069322 -0.08107
 2.2708 0.0059797 0.01601 0.075653
 2.2917 0.010786 0.10311 0.012427
 2.3125 0.0010119 0.015047 -0.028026
 2.3333 0.0082066 -0.017299 0.088923
 2.3542 0.028322 0.10956 0.12775
  2.375 0.023131 0.15206 0.0030127
 2.3958 0.0018206 0.028182 -0.032037
 2.4167 0.010005 0.0016412 0.10001
 2.4375 0.038586 0.14943  0.1275
 2.4583 0.039122 0.19534 -0.031016
 2.4792 0.010832 0.041892 -0.095272
    2.5 0.0029454 -0.028212 0.046362
 2.5208 0.026036 0.11329 0.11489
 2.5417  0.0416 0.20085 -0.035507
 2.5625 0.030054 0.063772 -0.16121
 2.5833 0.013613 -0.088327 -0.076233
 2.6042 0.0078222 -0.070549 0.053339
  2.625 0.0048672 -0.004495 0.06962
 2.6458 0.0047063 -0.0034188 0.068517
 2.6667 0.013047 0.028714 0.11056
 2.6875 0.018315 0.11147 0.076745
 2.7083 0.0092301 0.090234 -0.032983
 2.7292 0.0022185 -0.038888 -0.026575
   2.75 0.016112 -0.053775 0.11498
 2.7708 0.031582 0.088733 0.15398
 2.7917 0.021986 0.14674 0.021305
 2.8125 0.0023411 0.022829 -0.042661
 2.8333 0.0091284 -0.049324 0.081827
 2.8542 0.036697 0.073478 0.17691
  2.875 0.046607 0.20143 0.077675
 2.8958 0.027164 0.15252 -0.062471
 2.9167 0.0057528 0.037168 -0.066116
 2.9375 3.7059e-05 0.0048032 -0.0037401
 2.9583 0.00056353 0.010265 0.021405
 2.9792 0.0034451 -0.0011369 0.058684
      3 0.018372 0.05219 0.12509
 3.0208 0.03971 0.17591 0.093632
 3.0417 0.04494 0.20285 -0.061578
 3.0625 0.026949 0.060723 -0.15252
 3.0833 0.0078711 -0.06792 -0.057078
 3.1042 0.0058282 -0.021673 0.073201
  3.125 0.012754 0.096601 0.058503
 3.1458 0.013758 0.10644 -0.049277
 3.1667 0.0078401 0.012677 -0.087632
 3.1875 0.0035555 -0.054903 -0.023263
 3.2083 0.0045945 -0.034066  0.0586
 3.2292 0.0088329 0.042549  0.0838
   3.25 0.012878 0.10932 0.030457
 3.2708 0.01351 0.096413 -0.064921
 3.2917 0.010735 -0.0044681 -0.10351
 3.3125 0.0089952 -0.090902 -0.027058
 3.3333 0.010575 -0.060827 0.082916
 3.3542 0.012015 0.042349  0.1011
  3.375 0.009843 0.094721 0.029513
 3.3958 0.0053646 0.066274 -0.031182
 3.4167 0.0021616 0.023537 -0.040095
 3.4375 0.00095452 -0.0020738 -0.030826
 3.4583 0.00062702 -0.021948 -0.012054
 3.4792 0.00078489 -0.019837 0.019784
    3.5 0.00094963 0.010673 0.028909
 3.5208 0.00050773 0.022269 0.0034415
 3.5417 1.0557e-05 0.00018823 -0.0032438
 3.5625 0.00051767 0.0040013 0.022398
 3.5833 0.0022899 0.046505 0.011279
 3.6042 0.0050507 0.048144 -0.052277
  3.625 0.0072761 -0.013761 -0.084183
 3.6458 0.00724 -0.060838 -0.059488
 3.6667 0.008216 -0.079164 -0.044149
 3.6875 0.017115 -0.12875 -0.023224
 3.7083 0.030506 -0.15588 0.078787
 3.7292 0.031648 -0.04107 0.17309
   3.75 0.018621 0.11146 0.078728
 3.7708 0.015638 0.058376 -0.11059
 3.7917 0.030619 -0.13956 -0.10555
 3.8125 0.031856 -0.16483 0.068465
 3.8333 0.006757 -0.016303 0.080568
 3.8542 0.0078307 -0.035738 -0.080954
  3.875 0.059289 -0.23701 -0.055836
 3.8958 0.073267 -0.2199 0.15783
 3.9167 0.0076193 0.00050979 0.087287
 3.9375 0.094625 -0.17123 -0.25555
 3.9583 0.66674 -0.80954 -0.10671
 3.9792  1.6219 -0.98171 0.81129
      4  2.2515 -0.09388  1.4975
 4.0208  1.9953 0.97316  1.0239
 4.0417  1.0692  1.0336 -0.029401
 4.0625 0.23571 0.28588 -0.39241
 4.0833 0.010399 -0.086017 0.054771
 4.1042 0.16088 0.23733 0.32334
  4.125 0.22304   0.472 0.016002
 4.1458 0.099242 0.20519 -0.23904
 4.1667 0.0039717 -0.039538 -0.049076
 4.1875 0.029856 0.10436 0.13772
 4.2083 0.061415 0.24735 -0.015256
 4.2292 0.029819 0.07411 -0.15597
   4.25 0.0075477 -0.085574 0.014993
 4.2708 0.039681 0.065132 0.18825
 4.2917 0.065579 0.24791 0.064188
 4.3125 0.039493 0.16026 -0.11751
 4.3333 0.0045301 0.00031533 -0.067306
 4.3542 0.0038539 0.03172 0.053364
  4.375 0.014967 0.12138 0.01533
 4.3958 0.0091707 0.072652 -0.062389
 4.4167 0.00020381 0.0014801 -0.014199
 4.4375 0.0038694 0.047566 0.040086
 4.4583 0.0074503 0.084162 -0.019159
 4.4792 0.0030266 0.0020189 -0.054977
    4.5 0.0042241 -0.052687 0.038055
 4.5208 0.013212 0.027439 0.11162
 4.5417 0.013619 0.10123 0.058073
 4.5625 0.0046459 0.06768 0.0080858
 4.5833 0.0045517 0.05149 0.043595
 4.6042 0.013586 0.11103 0.035478
  4.625 0.013309 0.10072 -0.056254
 4.6458 0.0039912 -0.01531 -0.061293
 4.6667 0.0058649 -0.041761 0.064194
 4.6875 0.018876 0.083818 0.10886
 4.7083 0.021271 0.14529 -0.012718
 4.7292 0.0090526 0.032129 -0.089557
   4.75 0.003472 -0.058332 0.0083312
 4.7708 0.011499 0.017498  0.1058
 4.7917 0.015872 0.11284 0.05603
 4.8125 0.0082877 0.088416 -0.021684
 4.8333 0.0019646 0.043315 -0.0094054
 4.8542 0.004651 0.068183 0.0014504
  4.875 0.0075861 0.066591 -0.05614
 4.8958 0.0056667 -0.018061 -0.073079
 4.9167 0.0045304 -0.066864 0.0077198
 4.9375 0.0050842 -0.018444 0.068877
 4.9583 0.0032521 0.020978 0.053029
 4.9792 0.003287 0.011186 0.056231
      5 0.010686 0.050092 0.090425
 5.0208 0.016798 0.12318 0.040315
 5.0417 0.011636 0.085597 -0.065646
 5.0625 0.0039437 -0.03713 -0.050647
 5.0833 0.0070898 -0.041683 0.073159
 5.1042 0.013738 0.078734 0.086826
  5.125 0.010686 0.097212 -0.03516
 5.1458 0.0049204 -0.030338 -0.063245
 5.1667 0.0094178 -0.075361 0.061143
 5.1875 0.014183 0.032206 0.11465
 5.2083 0.0058759 0.073474 0.021852
 5.2292 0.00092604 -0.030279 0.0030407
   5.25 0.022644 -0.050499 0.14175
 5.2708 0.053462 0.11289 0.20178
 5.2917 0.053767 0.22479 0.056876
 5.3125 0.022407 0.13113 -0.072199
 5.3333 0.001103 0.02795 -0.01794
 5.3542 0.0091261 0.081397 0.050006
  5.375 0.020416 0.14088 -0.023863
 5.3958 0.01283 0.059068 -0.096651
 5.4167 0.0011859 -0.022929 -0.025694
 5.4375 0.0039884 0.037195 0.051039
 5.4583 0.011981 0.10912 -0.0085948
 5.4792 0.0095629 0.050906 -0.083496
    5.5 0.0019303 -0.025157 -0.03602
 5.5208 0.00097123 0.011393 0.029007
 5.5417 0.0038572 0.061512 -0.0085721
 5.5625 0.002844 0.015018 -0.05117
 5.5833 0.00074024 -0.027156 0.001663
 5.6042 0.0026255 0.029099 0.042175
  5.625 0.0050871 0.068168 -0.020981
 5.6458 0.0041733 -0.0036671 -0.064497
 5.6667 0.0033068 -0.05663 0.009992
 5.6875 0.0048796 0.015221 0.068176
 5.7083 0.0056865 0.075243 -0.0050008
 5.7292 0.0053878 -0.0045509 -0.073261
   5.75 0.0088215 -0.093742 0.0058269
 5.7708 0.014696 -0.034901 0.11609
 5.7917 0.014751 0.07901 0.092243
 5.8125 0.0075428 0.086843 0.0010295
 5.8333 0.0014233 0.034268 -0.01578
 5.8542 0.0013681 0.036846 0.0032322
  5.875 0.0035767 0.04792 -0.035782
 5.8958 0.0051793 -0.019572 -0.069255
 5.9167 0.0079587 -0.089182 -0.0022748
 5.9375 0.010497 -0.050237 0.08929
 5.9583 0.0083747 0.036762 0.083805
 5.9792 0.0030683 0.052064 0.018913
      6 0.00015561 0.011892 -0.003766
 6.0208 0.00022281 -0.01102 0.010068
 6.0417 0.0011707 -0.028092 0.019533
 6.0625 0.0064452 -0.055119 0.05837
 6.0833 0.018201 -0.027238 0.13213
 6.1042 0.02688 0.069794 0.14835
  6.125 0.021782 0.12875 0.072145
 6.1458 0.0092909 0.09581 0.01055
 6.1667 0.0054386 0.070387 0.022004
 6.1875 0.010871 0.10375 0.01033
 6.2083 0.012768 0.089983 -0.068343
 6.2292 0.0082149 -0.020435 -0.088302
   6.25 0.0075097 -0.084178 0.020586
 6.2708 0.012491 -0.00032201 0.11176
 6.2917 0.012613 0.098021 0.054817
 6.3125 0.0052223 0.058688 -0.042166
 6.3333 0.0020689 -0.0418 -0.017935
 6.3542 0.0092527 -0.044297 0.085384
  6.375 0.017197 0.042802 0.12395
 6.3958 0.017487 0.10456 0.080962
 6.4167 0.013807 0.11331  0.0311
 6.4375 0.010542 0.10254 -0.0052573
 6.4583 0.0057636 0.069505 -0.030538
 6.4792 0.0008325 0.027494 -0.0087497
    6.5 0.0043741 0.048344 0.045132
 6.5208 0.017197 0.12816  0.0278
 6.5417 0.026122 0.14031 -0.080222
 6.5625 0.021048 0.031604 -0.14159
 6.5833 0.0090896 -0.065883 -0.068913
 6.6042 0.0023206 -0.039915 0.02697
  6.625 0.0014427 0.027346 0.02636
 6.6458 0.0006687 0.023043 -0.011736
 6.6667 0.00017112 -0.0040092 0.012452
 6.6875 0.0039738 0.038708 0.049754
 6.7083 0.010326 0.10152 0.0043628
 6.7292 0.012934 0.078265 -0.082516
   6.75 0.01002 -0.010485 -0.099548
 6.7708 0.0055989 -0.062727 -0.040795
 6.7917 0.0029262 -0.051049 0.017896
 6.8125 0.002211 -0.016431 0.044057
 6.8333 0.0027742 0.022415 0.047663
 6.8542 0.0040062 0.059465 0.021681
  6.875 0.0048888 0.062989 -0.030351
 6.8958 0.0046423 0.02189 -0.064523
 6.9167 0.0036883 -0.023729 -0.055904
 6.9375 0.0031185 -0.046792 -0.030481
 6.9583 0.0036312 -0.060212 -0.0024036
 6.9792 0.004693 -0.056568 0.038639
      7 0.0045008 -0.015759 0.065211
 7.0208 0.0021844 0.023181 0.040584
 7.0417 0.00010438 0.0067179 0.0076974
 7.0625 0.0015492 -0.020541 0.033575
 7.0833 0.0054452 0.021514 0.070586
 7.1042 0.0074548 0.083304  0.0227
  7.125 0.006558 0.048946 -0.064515
 7.1458 0.0056438 -0.048627 -0.057264
 7.1667 0.0050281 -0.064723 0.028968
 7.1875 0.0022672 0.0016104 0.047587
 7.2083 0.00018186 0.0051159 -0.012478
 7.2292 0.0050886 -0.071099 -0.0057892
   7.25 0.014285 -0.078172 0.090411
 7.2708 0.015828 0.016863 0.12467
 7.2917 0.0068332 0.063042 0.053468
 7.3125 0.00073844 0.010714 0.024973
 7.3333 0.0079229 0.0088653 0.088568
 7.3542 0.019364 0.10859 0.087026
  7.375 0.020903 0.13822 -0.042396
 7.3958 0.013746 0.0096044 -0.11685
 7.4167 0.0093539 -0.095311 -0.016424
 7.4375 0.0092645 -0.026388 0.092564
 7.4583 0.007053 0.074379 0.038998
 7.4792 0.0042343 0.022037 -0.061226
    7.5 0.0091062 -0.094379 -0.014097
 7.5208 0.020292 -0.073179 0.12222
 7.5417 0.02562 0.065581 0.14601
 7.5625 0.019482  0.1348 0.036205
 7.5833 0.0089315 0.077486 -0.054106
 7.6042 0.0023925 1.2653e-05 -0.048913
  7.625 0.00061015 -0.02367 -0.007063
 7.6458 0.00053841 -0.015079 0.017636
 7.6667 0.00057563 -4.5244e-05 0.023992
 7.6875 0.00019798 0.01015 0.0097442
 7.7083 0.00030783 -0.012336 -0.012476
 7.7292 0.003701 -0.060314 0.007953
   7.75 0.010061 -0.065057 0.076342
 7.7708 0.01316 -0.0025891 0.11469
 7.7917 0.0090133 0.049932 0.080747
 7.8125 0.0034687 0.039603 0.043592
 7.8333 0.0039317 0.027186 0.056503
 7.8542 0.0076896 0.062909 0.06109
  7.875 0.0071113 0.084148 0.0055149
 7.8958 0.0027289 0.028779 -0.043597
 7.9167 0.0018388 -0.041679 -0.010084
 7.9375 0.0054646 -0.041242 0.061349
 7.9583 0.0076812 0.0069977 0.087362
 7.9792 0.0070024 0.035159 0.075936


